1 8  #SUP: 3
2 6  #SUP: 2
3 4  #SUP: 2
3 5  #SUP: 3
3 6  #SUP: 3
3 8  #SUP: 2
5 6  #SUP: 4
5 9  #SUP: 3
6 9  #SUP: 5
7 8  #SUP: 2
7 9  #SUP: 2
8 9  #SUP: 2


Print Markov marix
Category:	0	1	2	3	4	5	6	7	8	9
Category:0	0.0	0.0	0.0	0.0	0.0	0.0	0.0	0.0	0.0	0.0	
Category:1	0.0	0.0	0.0	0.0	0.0	0.0	0.0	0.0	1.0	0.0	
Category:2	0.0	0.0	0.0	0.0	0.0	0.0	1.0	0.0	0.0	0.0	
Category:3	0.0	0.0	0.0	0.0	0.2	0.3	0.3	0.0	0.2	0.0	
Category:4	0.0	0.0	0.0	0.0	0.0	0.0	0.0	0.0	0.0	0.0	
Category:5	0.0	0.0	0.0	0.0	0.0	0.0	0.57	0.0	0.0	0.43	
Category:6	0.0	0.0	0.0	0.0	0.0	0.0	0.0	0.0	0.0	1.0	
Category:7	0.0	0.0	0.0	0.0	0.0	0.0	0.0	0.0	0.5	0.5	
Category:8	0.0	0.0	0.0	0.0	0.0	0.0	0.0	0.0	0.0	1.0	
Category:9	0.0	0.0	0.0	0.0	0.0	0.0	0.0	0.0	0.0	0.0	

Print rule 
rule:	0	1	2	3	4	5	6	7	8	9
rule:0	0	0	0	0	0	0	0	0	0	0	
rule:1	0	0	0	0	0	0	0	0	0	0	
rule:2	0	0	0	0	0	0	0	0	0	0	
rule:3	0	0	0	0	0	0	0	0	0	0	
rule:4	0	0	0	0	0	0	0	0	0	0	
rule:5	0	0	0	0	0	0	0	0	0	0	
rule:6	0	0	0	0	0	0	0	0	0	0	
rule:7	0	0	0	0	0	0	0	0	0	0	
rule:8	0	0	0	0	0	0	0	0	0	0	
rule:9	0	0	0	0	0	0	0	0	0	0	

popularity:
0.06094407676118742	0.022997895436420026	0.0016069796743464777	0.23329069976739034	0.13060755427558707	0.29969002686087726	0.07963419361984936	0.017420628876827646	0.022225125996898538	0.13158281873061586	
user_preference:
0.08685446009389672	0.07981220657276995	0.014084507042253521	0.12206572769953052	0.023474178403755867	0.2347417840375587	0.17136150234741784	0.10093896713615023	0.0539906103286385	0.11267605633802817	
preference:
0.1393782158115155	0.09963260432291104	0.015469458826645906	0.32312388424179744	0.13603637706545418	0.49302522351812805	0.23999306024021524	0.11595267977567801	0.07314500810922525	0.22607877231852574	
SUM:1.8618352842300965

Path : start -> 3 -> 5 -> 6 -> 9 -> end	 Probility: 0.055254184205347355

Checked_Path : start -> 3 -> 5 -> 6 -> 9 -> end	 Probility: 0.055254184205347355

RecommendPath:  start -> 3 -> 5 -> 6 -> 9 -> end	 Probility: 0.055254184205347355