這邊的markov用的序列來12345.txt用sequential mining生出來的關聯序列，不過這檔案裡面只有1~5的類別

Category:	0	1	2	3	4	5	6	7	8	9
Category:0	0.0	0.0	0.0	0.0	0.0	0.0	0.0	0.0	0.0	0.0	
Category:1	0.0	0.0	0.0	0.0	0.0	1.0	0.0	0.0	0.0	0.0	
Category:2	0.0	0.0	0.0	0.0	0.35	0.65	0.0	0.0	0.0	0.0	
Category:3	0.0	0.0	0.0	0.0	0.33	0.67	0.0	0.0	0.0	0.0	
Category:4	0.0	0.0	0.0	0.0	0.0	1.0	0.0	0.0	0.0	0.0	
Category:5	0.0	0.0	0.0	0.0	0.0	0.0	0.0	0.0	0.0	0.0	
Category:6	0.0	0.0	0.0	0.0	0.0	0.0	0.0	0.0	0.0	0.0	
Category:7	0.0	0.0	0.0	0.0	0.0	0.0	0.0	0.0	0.0	0.0	
Category:8	0.0	0.0	0.0	0.0	0.0	0.0	0.0	0.0	0.0	0.0	
Category:9	0.0	0.0	0.0	0.0	0.0	0.0	0.0	0.0	0.0	0.0	

rule只有一條 3在6前面，雖然是代表說6必選，不過目前只判斷會不會違反rule，只用markov算一整條的可能排序機率，沒有處理說要代入必選地點

rule:	0	1	2	3	4	5	6	7	8	9
rule:0	0	0	0	0	0	0	0	0	0	0	
rule:1	0	0	0	0	0	0	0	0	0	0	
rule:2	0	0	0	0	0	0	0	0	0	0	
rule:3	0	0	0	0	0	0	1	0	0	0	
rule:4	0	0	0	0	0	0	0	0	0	0	
rule:5	0	0	0	0	0	0	0	0	0	0	
rule:6	0	0	0	0	0	0	0	0	0	0	
rule:7	0	0	0	0	0	0	0	0	0	0	
rule:8	0	0	0	0	0	0	0	0	0	0	
rule:9	0	0	0	0	0	0	0	0	0	0	

//嘉義市中心 (23.446,120.412~23.486,120.468)範圍內的熱門度
popularity:
0.04727227070123674	0.00565007219536694	4.3945005963965094E-4	0.4189842425764329	0.02366752464059263	0.07301148848013057	0.07646431037729927	0.03157762571410635	0.16862326574172892	0.15430974951346602	


隨便代入一個博彥給的preference_3.txt的preference，理論上應該要跟計算序列的user的input檔搭配，但是這user幾乎沒有2個關聯序列能用

user_preference:
0.07228915662650602	0.012048192771084338	0.0	0.43373493975903615	0.0	0.21686746987951808	0.03614457831325301	0.060240963855421686	0.012048192771084338	0.1566265060240964	

preference:
0.11509653245332044	0.01716461219261594	3.979437327857913E-4	0.8131458644179463	0.021432112465749047	0.2829829786266431	0.10538678781798069	0.08883606351131498	0.16474488795146083	0.29636160533659284	
SUM:1.9055493885064099

Path : 1 -> 2 -> 4 -> 7	 Probility: 1.3928030647502695E-4
Path : 1 -> 3 -> 4 -> 7	 Probility: 0.26833813525792233